select *  from students_seller where seller_id in 
(179355,
178350,
178349,
178348,
178345,
178346,
178347,
178344,
178343,
177584,
84247,
177422,
178690,
178760,
178806,
178807,
178808,
178809,
178810,
178828,
178468,
178474,
178670,
178653,
178415,
178393,
178386,
177511,
178418,
177618,
177619,
177503,
178000,
178971,
177900,
114504,
65925,
177625,
178604,
177476,
177482,
177585,
64438,
177644,
179524,
177573,
179715,
177793,
177794,
177804,
177805,
177806,
177807,
177820,
177588,
178049,
178050,
178321,
178419,
97034,
178318,
178409,
178337,
58071,
178408,
178313,
178339,
178351,
178326,
179028,
178003,
178004,
178077,
178184,
178185,
177428,
178089,
178090,
178838,
177589,
179382,
178834,
177846,
177848,
177849,
177850,
177851,
177852,
177874,
178334,
178413,
178385,
178690,
178760,
178806,
178807,
178808,
178809,
178810,
178828,
178492,
178522,
178926,
178335,
178930,
177504,
178473,
178392,
179440,
179719,
179805,
179806,
179807,
179808,
179809,
179810,
179811,
179812,
179813,
179815,
179814) and  student_id = 43707883


select user_id from sellers where id in (179355,
178350,
178349,
178348,
178345,
178346,
178347,
178344,
178343,
177584,
84247,
177422,
178690,
178760,
178806,
178807,
178808,
178809,
178810,
178828,
178468,
178474,
178670,
178653,
178415,
178393,
178386,
177511,
178418,
177618,
177619,
177503,
178000,
178971,
177900,
114504,
65925,
177625,
178604,
177476,
177482,
177585,
64438,
177644,
179524,
177573,
179715,
177793,
177794,
177804,
177805,
177806,
177807,
177820,
177588,
178049,
178050,
178321,
178419,
97034,
178318,
178409,
178337,
58071,
178408,
178313,
178339,
178351,
178326,
179028,
178003,
178004,
178077,
178184,
178185,
177428,
178089,
178090,
178838,
177589,
179382,
178834,
177846,
177848,
177849,
177850,
177851,
177852,
177874,
178334,
178413,
178385,
178690,
178760,
178806,
178807,
178808,
178809,
178810,
178828,
178492,
178522,
178926,
178335,
178930,
177504,
178473,
178392,
179440,
179719,
179805,
179806,
179807,
179808,
179809,
179810,
179811,
179812,
179813,
179815,
179814) and student_id = 43707883

select * from sellers where user_id =1063424064 or user_id =1037661230

179382 177482